>> params.pi

ans =

    0.0761    0.8333    0.0906


pi_1 = 0.0761
pi_2 = 0.8333
pi_3 = 0.0906
